2022,7,15,12:56:24,Latitude: 52.517548 ,Longitude: 7.344440,Altitude: 24.789765 ,3.27766,-0.502782,8.91122,0.311628,0.449789,-0.0723445,0.689072,0.689072
2022,7,15,12:56:26,Latitude: 52.517395 ,Longitude: 7.344479,Altitude: 25.664589 ,0.296881,0.943315,8.92319,-0.119242,0.203178,-0.0215835,0.0623522,0.693601
2022,7,15,12:56:27,Latitude: 52.517319 ,Longitude: 7.344500,Altitude: 25.709093 ,-0.462081,0.0526724,8.00381,0.0354395,-0.0472971,-0.0417014,-0.053559,1.1675
2022,7,15,12:56:28,Latitude: 52.517228 ,Longitude: 7.344522,Altitude: 25.577431 ,2.71981,0.129287,11.2216,-0.182527,-0.200113,0.0920628,-0.290577,0.540919
2022,7,15,12:56:29,Latitude: 52.517138 ,Longitude: 7.344547,Altitude: 25.203941 ,2.36547,-0.488417,8.29351,-0.0181194,0.220631,0.0646171,0.267128,0.517736
2022,7,15,12:56:30,Latitude: 52.517061 ,Longitude: 7.344578,Altitude: 25.309982 ,1.18752,0.814028,11.9519,-0.031709,0.0535589,-0.00626187,0.015588,0.590348
2022,7,15,12:56:31,Latitude: 52.516999 ,Longitude: 7.344610,Altitude: 25.582147 ,1.54665,1.85311,10.0724,0.0150551,-0.0101256,0.0816707,0.0866003,0.405023
2022,7,15,12:56:32,Latitude: 52.516937 ,Longitude: 7.344633,Altitude: 25.666788 ,-0.699107,-0.332794,5.50187,-0.0766079,-0.842954,-0.00532925,-0.924891,1.48526
2022,7,15,12:56:33,Latitude: 52.516894 ,Longitude: 7.344641,Altitude: 26.250474 ,-2.14999,-0.617704,9.82819,-0.0822037,-0.429271,0.259934,-0.25154,0.450988
2022,7,15,12:56:34,Latitude: 52.516847 ,Longitude: 7.344639,Altitude: 26.579843 ,-0.0263362,0.940921,8.71489,0.00373047,0.128968,0.0706125,0.203311,0.97352
2022,7,15,12:56:35,Latitude: 52.516785 ,Longitude: 7.344643,Altitude: 26.508720 ,5.2002,-0.107739,8.12352,0.245678,0.701729,-0.0551577,0.892249,0.892249
2022,7,15,12:56:36,Latitude: 52.516723 ,Longitude: 7.344656,Altitude: 26.204324 ,-1.96564,1.52511,10.7978,0.190521,0.0482297,-0.0134564,0.225294,0.225294
2022,7,15,12:56:38,Latitude: 52.516589 ,Longitude: 7.344696,Altitude: 25.856514 ,2.21703,0.316035,8.6287,0.104586,0.112714,-0.0135896,0.203711,0.753822
2022,7,15,12:56:39,Latitude: 52.516513 ,Longitude: 7.344719,Altitude: 25.571105 ,-0.37589,0.663194,13.9366,0.184925,0.0131899,-0.010392,0.187723,0.705193
2022,7,15,12:56:40,Latitude: 52.516418 ,Longitude: 7.344744,Altitude: 25.352693 ,-0.0047884,-0.0981622,6.58405,0.10432,0.264997,0.00319755,0.372514,0.372514
2022,7,15,12:56:41,Latitude: 52.516341 ,Longitude: 7.344770,Altitude: 25.428102 ,0.811634,0.617704,10.1849,-0.328015,-0.0751424,0.00586217,-0.397295,0.593012
2022,7,15,12:56:42,Latitude: 52.516251 ,Longitude: 7.344797,Altitude: 25.574098 ,0.387861,-0.45011,11.3916,-0.197848,-0.0718116,-0.00839357,-0.278053,0.779402
2022,7,15,12:56:43,Latitude: 52.516160 ,Longitude: 7.344820,Altitude: 25.833642 ,1.55623,-0.421379,7.70933,-0.222763,0.499884,-0.00146554,0.275655,0.50801
2022,7,15,12:56:44,Latitude: 52.516084 ,Longitude: 7.344843,Altitude: 25.854118 ,0.35913,-0.253785,10.5129,-0.0341072,0.310695,0.0241148,0.300703,0.568764
2022,7,15,12:56:45,Latitude: 52.515993 ,Longitude: 7.344870,Altitude: 25.756822 ,-1.58975,-1.13964,13.8672,-0.264597,-0.00572894,-0.00546248,-0.275788,0.647237
2022,7,15,12:56:46,Latitude: 52.515917 ,Longitude: 7.344894,Altitude: 25.955818 ,2.2721,2.65517,10.7955,-0.0979249,0.136562,-0.0235819,0.0150551,0.510409
2022,7,15,12:56:47,Latitude: 52.515841 ,Longitude: 7.344919,Altitude: 26.539421 ,1.51074,1.04627,11.8513,0.25647,0.0642174,-0.0468974,0.27379,1.06838
2022,7,15,12:56:49,Latitude: 52.515674 ,Longitude: 7.344961,Altitude: 27.269845 ,3.90015,1.22104,10.3406,-0.0551577,0.86134,-0.0135896,0.792592,0.792592
2022,7,15,12:56:50,Latitude: 52.515597 ,Longitude: 7.344986,Altitude: 27.675164 ,-0.172382,1.39821,9.21528,0.293375,0.060487,0.0158545,0.369717,0.734903
2022,7,15,12:56:51,Latitude: 52.515521 ,Longitude: 7.345011,Altitude: 27.895074 ,-1.30484,-0.337582,7.09881,0.136562,0.345735,0.0945942,0.576891,0.576891
2022,7,15,12:56:52,Latitude: 52.515445 ,Longitude: 7.345043,Altitude: 28.059678 ,2.6408,-1.76692,13.4195,-0.196383,0.527063,0.147753,0.478433,0.763281
2022,7,15,12:56:53,Latitude: 52.515349 ,Longitude: 7.345089,Altitude: 28.152039 ,1.4868,-1.14203,8.5042,0.188122,0.490824,0.0503614,0.729307,0.729307
2022,7,15,12:56:54,Latitude: 52.515273 ,Longitude: 7.345148,Altitude: 28.030556 ,4.19464,-0.610521,10.2807,-0.114446,0.364121,-0.0130567,0.236619,0.706525
2022,7,15,12:56:55,Latitude: 52.515216 ,Longitude: 7.345213,Altitude: 28.034380 ,6.17225,-2.00155,12.4259,0.145222,0.185325,-0.0941945,0.236352,0.622323
2022,7,15,12:56:56,Latitude: 52.515154 ,Longitude: 7.345280,Altitude: 28.060701 ,2.22661,1.25456,5.08768,-1.39946,0.0134564,-3.50931,-4.89531,0.397695
2022,7,15,12:56:57,Latitude: 52.515092 ,Longitude: 7.345341,Altitude: 28.505228 ,1.87227,2.24337,7.27119,-0.156813,0.0385038,-0.40409,-0.522399,-0.279919
2022,7,15,12:56:59,Latitude: 52.515016 ,Longitude: 7.345406,Altitude: 29.415956 ,6.21056,4.16591,14.1689,-0.129767,0.227559,-0.406622,-0.30883,0.128302
2022,7,15,12:57:0,Latitude: 52.514987 ,Longitude: 7.345400,Altitude: 29.721398 ,-3.01909,-2.52109,-2.42054,0.412351,0.562902,-0.498818,0.476435,0.476435
2022,7,15,12:57:1,Latitude: 52.514968 ,Longitude: 7.345367,Altitude: 30.295892 ,3.21302,4.30956,7.52019,-0.00826034,-0.0081271,-0.203044,-0.219432,0.695333
2022,7,15,12:57:2,Latitude: 52.514954 ,Longitude: 7.345325,Altitude: 30.586450 ,3.15077,1.21147,10.3501,-0.980582,-0.166672,-0.063951,-1.21121,0.231556
2022,7,15,12:57:3,Latitude: 52.514939 ,Longitude: 7.345268,Altitude: 30.600603 ,3.00472,2.58813,11.3294,-0.122839,0.0838024,0.00892649,-0.0301103,1.01242
2022,7,15,12:57:4,Latitude: 52.514939 ,Longitude: 7.345203,Altitude: 30.458016 ,-0.586579,2.73418,13.6134,-1.16551,-0.751024,0.126836,-1.78969,1.16111
2022,7,15,12:57:5,Latitude: 52.514939 ,Longitude: 7.345102,Altitude: 31.139557 ,-0.4956,1.64242,8.29591,-0.0502282,-0.134031,0.074343,-0.109916,0.837758
2022,7,15,12:57:6,Latitude: 52.514939 ,Longitude: 7.345011,Altitude: 32.567933 ,1.59933,1.05824,9.0812,-0.0402358,0.0203844,0.0544916,0.0346401,0.174
2022,7,15,12:57:7,Latitude: 52.514939 ,Longitude: 7.344923,Altitude: 34.179323 ,3.50511,1.73819,10.5441,-0.155881,-0.0142557,0.000532925,-0.169603,0.672684
2022,7,15,12:57:8,Latitude: 52.514939 ,Longitude: 7.344839,Altitude: 35.150468 ,8.20493,1.31681,13.4219,0.345335,-0.266462,-0.121907,-0.0430337,0.211305
2022,7,15,12:57:9,Latitude: 52.514939 ,Longitude: 7.344753,Altitude: 36.231599 ,0.962469,0.28491,6.43801,0.0131899,-0.116844,-0.0358392,-0.139493,0.500816
2022,7,15,12:57:10,Latitude: 52.514939 ,Longitude: 7.344667,Altitude: 37.238510 ,0.502782,1.79805,6.24887,-0.0704793,-0.010925,0.033441,-0.0479632,0.142557
2022,7,15,12:57:12,Latitude: 52.514939 ,Longitude: 7.344482,Altitude: 38.994508 ,0.514753,1.40061,13.2112,-0.0578223,0.0285115,-0.00879326,-0.0381041,0.133231
2022,7,15,12:57:13,Latitude: 52.514939 ,Longitude: 7.344389,Altitude: 38.793259 ,0.229843,2.07817,7.13711,0.0234487,0.0702128,0.0470306,0.140692,0.276455
2022,7,15,12:57:14,Latitude: 52.514939 ,Longitude: 7.344294,Altitude: 37.995453 ,2.25294,-0.739808,6.73489,0.0811378,0.00146554,-0.00879326,0.07381,0.766612
2022,7,15,12:57:15,Latitude: 52.514954 ,Longitude: 7.344191,Altitude: 37.173202 ,-0.423774,2.48757,9.82341,-0.163475,-0.0406355,-0.013856,-0.217966,-0.037438
2022,7,15,12:57:16,Latitude: 52.514954 ,Longitude: 7.344088,Altitude: 35.820024 ,2.99036,6.87854,13.8935,-0.777804,-0.228625,-0.0235819,-1.03001,0.999634
2022,7,15,12:57:17,Latitude: 52.514968 ,Longitude: 7.343985,Altitude: 35.510986 ,1.49638,1.45807,11.6358,0.0614196,-0.0185191,0.0127902,0.0556906,0.997102
2022,7,15,12:57:18,Latitude: 52.514968 ,Longitude: 7.343893,Altitude: 35.681627 ,-1.14682,3.43328,10.422,-0.1307,-0.116444,0.0808713,-0.166273,0.790461
2022,7,15,12:57:19,Latitude: 52.514968 ,Longitude: 7.343807,Altitude: 35.824661 ,-0.189142,1.08218,5.68383,0.227159,-0.0358392,0.00839357,0.199714,0.199714
2022,7,15,12:57:20,Latitude: 52.514968 ,Longitude: 7.343719,Altitude: 35.507569 ,-0.428562,-0.354342,7.47709,0.00293109,-0.00146554,0.19998,0.201446,0.78633
2022,7,15,12:57:21,Latitude: 52.514987 ,Longitude: 7.343630,Altitude: 35.404954 ,-0.849941,1.27372,4.72136,0.11751,0.164541,-0.0782067,0.203844,0.72198
2022,7,15,12:57:22,Latitude: 52.514987 ,Longitude: 7.343548,Altitude: 35.240600 ,-0.0430956,0.612916,13.2423,0.312827,0.0969923,0.0486294,0.458449,1.10862
2022,7,15,12:57:24,Latitude: 52.514987 ,Longitude: 7.343384,Altitude: 34.812698 ,-2.95205,2.87543,9.13148,0.0386371,0.555441,0.0540919,0.64817,0.749825
2022,7,15,12:57:25,Latitude: 52.514987 ,Longitude: 7.343300,Altitude: 34.438462 ,8.51617,1.98719,7.81707,-0.360657,-0.607934,0.00892649,-0.959664,1.19375
2022,7,15,12:57:26,Latitude: 52.515001 ,Longitude: 7.343218,Altitude: 33.840287 ,1.82678,-1.88184,4.36702,0.362655,0.571295,-0.187456,0.746494,0.9566
2022,7,15,12:57:27,Latitude: 52.515001 ,Longitude: 7.343134,Altitude: 33.468263 ,3.81157,1.10133,12.1865,0.119109,0.304833,-0.0375712,0.38637,0.921693
2022,7,15,12:57:28,Latitude: 52.515016 ,Longitude: 7.343044,Altitude: 33.228395 ,1.2402,1.16119,12.8425,-0.23955,-0.0687473,0.0827366,-0.22556,1.73813
2022,7,15,12:57:29,Latitude: 52.515030 ,Longitude: 7.342957,Altitude: 33.464417 ,2.74615,2.57855,19.6127,-0.283516,-0.106985,0.191453,-0.199047,0.461779
2022,7,15,12:57:30,Latitude: 52.515030 ,Longitude: 7.342878,Altitude: 33.828628 ,-0.105345,-0.847547,11.2312,-0.0603537,0.0671485,0.243413,0.250208,1.53789
2022,7,15,12:57:31,Latitude: 52.515030 ,Longitude: 7.342804,Altitude: 33.572862 ,-5.06852,-0.112527,11.5353,-0.420344,0.0254472,0.0290444,-0.365853,1.76052
2022,7,15,12:57:32,Latitude: 52.515016 ,Longitude: 7.342730,Altitude: 33.750489 ,3.93846,0.962469,9.71806,-0.189322,0.0254472,-0.046098,-0.209972,0.660027
2022,7,15,12:57:34,Latitude: 52.515001 ,Longitude: 7.342615,Altitude: 33.876922 ,4.22577,-0.3304,9.71806,-0.182393,0.080072,0.0113247,-0.0909969,0.294174
2022,7,15,12:57:35,Latitude: 52.514987 ,Longitude: 7.342575,Altitude: 33.566453 ,0.948104,-0.107739,9.165,-0.0823369,0.00879326,0.0937948,0.0202512,0.203977
2022,7,15,12:57:36,Latitude: 52.514987 ,Longitude: 7.342552,Altitude: 33.240876 ,-2.43969,-0.169988,4.91051,-0.069147,0.274456,0.428472,0.633781,0.633781
2022,7,15,12:57:37,Latitude: 52.514968 ,Longitude: 7.342533,Altitude: 32.863984 ,1.71185,-1.32878,10.2903,-0.0774073,0.067415,0.486161,0.476168,0.741565
2022,7,15,12:57:38,Latitude: 52.514954 ,Longitude: 7.342520,Altitude: 32.737961 ,0.562637,-0.636858,10.7069,-0.0337075,0.0486294,0.464178,0.479099,0.592612
2022,7,15,12:57:39,Latitude: 52.514925 ,Longitude: 7.342522,Altitude: 32.055817 ,-0.787692,-0.083797,9.19613,-0.0150551,-0.0154548,0.254738,0.224228,0.563967
2022,7,15,12:57:40,Latitude: 52.514911 ,Longitude: 7.342539,Altitude: 31.144600 ,0.00957681,-0.0574608,9.72285,0.0467641,-0.0435666,0.0747427,0.0779403,0.377044
2022,7,15,12:57:41,Latitude: 52.514877 ,Longitude: 7.342573,Altitude: 30.271339 ,0.454898,0.0574608,9.31344,-0.116711,-0.0117243,0.00945941,-0.118975,0.207707
2022,7,15,12:57:42,Latitude: 52.514849 ,Longitude: 7.342617,Altitude: 29.456620 ,0.0383072,0.682347,13.6637,-0.223828,-0.428338,0.0598208,-0.592346,0.283516
2022,7,15,12:57:43,Latitude: 52.514815 ,Longitude: 7.342669,Altitude: 29.156342 ,0.924162,1.21386,9.66539,-0.128302,-0.0822037,-0.00799387,-0.218499,0.399427
2022,7,15,12:57:44,Latitude: 52.514787 ,Longitude: 7.342728,Altitude: 28.849457 ,2.61686,-5.14993,10.8481,-0.00506279,0.194118,-0.0588882,0.130167,0.320554
2022,7,15,12:57:45,Latitude: 52.514758 ,Longitude: 7.342789,Altitude: 28.804398 ,3.8379,1.73819,8.57363,0.0551577,0.0290444,0.0507611,0.134963,0.274856
2022,7,15,12:57:47,Latitude: 52.514696 ,Longitude: 7.342913,Altitude: 29.747026 ,1.46286,-0.926556,11.0277,-0.148153,-0.0916631,-0.04783,-0.287646,0.444326
2022,7,15,12:57:48,Latitude: 52.514648 ,Longitude: 7.342979,Altitude: 30.576234 ,2.33674,1.55384,10.1323,-0.223695,-0.202778,-0.0106585,-0.437132,0.322153
2022,7,15,12:57:49,Latitude: 52.514606 ,Longitude: 7.343054,Altitude: 30.832956 ,0.0814028,1.53947,8.80827,-0.0603537,0.026513,0.0456983,0.0118576,0.15708
2022,7,15,12:57:50,Latitude: 52.514558 ,Longitude: 7.343136,Altitude: 29.820726 ,-0.260968,0.632069,12.141,-0.193851,-0.163075,-0.207308,-0.564234,0.724644
2022,7,15,12:57:51,Latitude: 52.514496 ,Longitude: 7.343225,Altitude: 28.607278 ,0.926556,0.857124,8.15225,0.0526263,0.261666,-0.0603537,0.253939,0.253939
2022,7,15,12:57:52,Latitude: 52.514434 ,Longitude: 7.343311,Altitude: 27.657669 ,3.9217,2.63841,8.41801,-0.00253139,0.125104,-0.0534257,0.0691469,0.0691469
2022,7,15,12:57:53,Latitude: 52.514377 ,Longitude: 7.343395,Altitude: 26.924324 ,2.11168,4.36223,9.74919,-0.054758,-0.0291776,-0.140159,-0.224095,0.1744
2022,7,15,12:57:54,Latitude: 52.514315 ,Longitude: 7.343472,Altitude: 26.473160 ,0.988805,0.306458,8.9998,-0.100856,0.0546248,-0.170936,-0.217167,0.177864
2022,7,15,12:57:55,Latitude: 52.514253 ,Longitude: 7.343548,Altitude: 27.121010 ,-0.275333,2.83473,15.0092,-0.142691,-0.0979249,0.00359724,-0.237018,0.138294
2022,7,15,12:57:56,Latitude: 52.514176 ,Longitude: 7.343607,Altitude: 27.071435 ,1.42934,-0.560243,8.44195,0.0183859,0.0202511,-0.0676815,-0.0290444,0.247144
2022,7,15,12:57:58,Latitude: 52.514024 ,Longitude: 7.343691,Altitude: 26.984842 ,-0.225055,-1.3623,6.3183,0.136429,0.193851,0.0496952,0.379975,0.379975
2022,7,15,12:57:59,Latitude: 52.513962 ,Longitude: 7.343725,Altitude: 27.228653 ,1.63045,0.155623,8.89206,0.0526263,0.103121,-0.00333078,0.152416,0.353729
2022,7,15,12:58:0,Latitude: 52.513885 ,Longitude: 7.343760,Altitude: 27.657616 ,2.34153,2.12366,9.60075,-0.0129234,0.0361056,-0.246877,-0.223695,0.110582
2022,7,15,12:58:1,Latitude: 52.513824 ,Longitude: 7.343784,Altitude: 27.875650 ,1.88424,2.13563,11.8202,0.183859,-0.11751,-0.305233,-0.238883,0.244746
2022,7,15,12:58:2,Latitude: 52.513766 ,Longitude: 7.343782,Altitude: 27.891762 ,0.773327,0.725443,6.38054,0.147087,-0.00972588,-0.136429,0.000932515,0.000932515
