b'$GPGSV,3,1,12,02,26,064,30,05,63,032,28,11,18,064,21,12,24,184,21,1*6A\r\n\r\n'
b'$GPGSV,3,2,12,13,28,115,32,15,30,160,27,18,27,289,19,20,30,040,23,1*6C\r\n\r\n'
b'$GPGSV,3,3,12,23,15,224,18,25,42,230,19,29,56,334,30,26,02,320,,1*6F\r\n\r\n'
b'$GLGSV,2,1,07,75,10,310,17,69,64,112,25,68,33,037,27,74,19,257,,1*77\r\n\r\n'
b'$GLGSV,2,2,07,70,20,187,,84,41,355,,83,28,073,,1*4B\r\n\r\n'
b'$GBGSV,3,1,12,16,14,133,26,14,17,039,26,13,55,009,21,10,37,167,20,1*72\r\n\r\n'
b'$GBGSV,3,2,12,09,09,150,21,08,47,021,15,07,26,158,23,06,13,142,20,1*70\r\n\r\n'
b'$GBGSV,3,3,12,03,41,122,29,02,56,164,27,01,11,099,27,05,52,215,,1*7E\r\n\r\n'
b'$GNGSA,A,3,02,05,11,12,13,15,18,20,25,29,,,1.0,0.7,0.8,1*3A\r\n\r\n'
b'$GNGSA,A,3,69,,,,,,,,,,,,1.0,0.7,0.8,2*33\r\n\r\n'
b'$GNGSA,A,3,01,02,07,08,10,13,14,,,,,,1.0,0.7,0.8,4*30\r\n\r\n'
b'$GNVTG,,T,,M,0.0,N,0.0,K,A*3D\r\n\r\n'
b'$GNDTM,P90,,0000.000021,S,00000.000001,W,0.991,W84*4F\r\n\r\n'
b'$GNRMC,084950.00,A,2818.647579,N,07700.768724,E,0.0,,160622,0.8,E,A,V*73\r\n\r\n'
b'$GNGNS,084950.00,2818.647579,N,07700.768724,E,AANANN,18,0.7,314.1,-40.2,,,V*0A\r\n\r\n'
b'$GNGGA,084950.00,2818.647579,N,07700.768724,E,1,12,0.7,314.1,M,-40.2,M,,*5F\r\n\r\n'
b'$GPGSV,3,1,12,02,26,064,29,05,63,032,26,11,18,064,22,12,24,184,24,1*6A\r\n\r\n'
b'$GPGSV,3,2,12,13,28,115,30,15,30,160,23,18,27,289,21,20,30,040,20,1*62\r\n\r\n'
b'$GPGSV,3,3,12,23,15,224,18,25,42,230,19,29,56,334,29,26,02,320,,1*67\r\n\r\n'
b'$GLGSV,2,1,07,75,10,310,16,69,64,112,28,68,33,037,27,74,19,257,,1*7B\r\n\r\n'
b'$GLGSV,2,2,07,70,20,187,,84,41,355,,83,28,073,,1*4B\r\n\r\n'
b'$GBGSV,3,1,12,16,14,133,24,14,17,039,26,13,55,009,21,10,37,167,20,1*70\r\n\r\n'
b'$GBGSV,3,2,12,09,09,150,21,08,47,021,15,07,26,158,23,06,13,142,20,1*70\r\n\r\n'
b'$GBGSV,3,3,12,03,41,122,29,02,56,164,27,01,11,099,27,05,52,215,,1*7E\r\n\r\n'
b'$GNGSA,A,3,02,05,11,12,13,15,18,20,25,29,,,1.0,0.6,0.7,1*34\r\n\r\n'
b'$GNGSA,A,3,69,75,,,,,,,,,,,1.0,0.6,0.7,2*3F\r\n\r\n'
b'$GNGSA,A,3,01,02,07,08,10,13,14,,,,,,1.0,0.6,0.7,4*3E\r\n\r\n'
b'$GNVTG,,T,,M,0.0,N,0.0,K,A*3D\r\n\r\n'
b'$GNDTM,P90,,0000.000021,S,00000.000001,W,0.991,W84*4F\r\n\r\n'
b'$GNRMC,084951.00,A,2818.647574,N,07700.768727,E,0.0,,160622,0.8,E,A,V*7C\r\n\r\n'
b'$GNGNS,084951.00,2818.647574,N,07700.768727,E,AANANN,19,0.6,314.2,-40.2,,,V*06\r\n\r\n'
b'$GNGGA,084951.00,2818.647574,N,07700.768727,E,1,12,0.6,314.2,M,-40.2,M,,*52\r\n\r\n'
b'$GPGSV,3,1,12,02,26,064,29,05,63,032,27,11,18,064,25,12,24,184,26,1*6E\r\n\r\n'
b'$GPGSV,3,2,12,13,28,115,29,15,30,160,27,18,27,289,25,20,30,040,20,1*6A\r\n\r\n'
b'$GPGSV,3,3,12,23,15,224,18,25,42,230,20,29,56,334,30,26,02,320,,1*65\r\n\r\n'
b'$GLGSV,2,1,07,75,10,310,16,69,64,112,25,68,33,037,29,74,19,257,,1*78\r\n\r\n'
b'$GLGSV,2,2,07,70,20,187,,84,41,355,,83,28,073,,1*4B\r\n\r\n'
b'$GBGSV,3,1,12,16,14,133,29,14,17,039,28,13,55,009,21,10,37,167,20,1*73\r\n\r\n'
b'$GBGSV,3,2,12,09,09,150,21,08,47,021,15,07,26,158,21,06,13,142,20,1*72\r\n\r\n'
b'$GBGSV,3,3,12,03,41,122,27,02,56,164,27,01,11,099,27,05,52,215,,1*70\r\n\r\n'
b'$GNGSA,A,3,02,05,11,12,13,15,18,20,25,29,,,0.9,0.6,0.7,1*3C\r\n\r\n'
b'$GNGSA,A,3,69,75,,,,,,,,,,,0.9,0.6,0.7,2*37\r\n\r\n'
b'$GNGSA,A,3,01,02,03,07,08,10,13,14,,,,,0.9,0.6,0.7,4*35\r\n\r\n'
b'$GNVTG,,T,,M,0.0,N,0.0,K,A*3D\r\n\r\n'
b'$GNDTM,P90,,0000.000021,S,00000.000001,W,0.991,W84*4F\r\n\r\n'
b'$GNRMC,084952.00,A,2818.647574,N,07700.768728,E,0.0,,160622,0.8,E,A,V*70\r\n\r\n'
b'$GNGNS,084952.00,2818.647574,N,07700.768728,E,AANANN,20,0.6,314.2,-40.2,,,V*00\r\n\r\n'
b'$GNGGA,084952.00,2818.647574,N,07700.768728,E,1,12,0.6,314.2,M,-40.2,M,,*5E\r\n\r\n'
b'$GPGSV,3,1,12,02,26,064,28,05,63,032,30,11,18,064,23,12,24,184,25,1*6C\r\n\r\n'
b'$GPGSV,3,2,12,13,28,115,29,15,30,160,26,18,27,289,28,20,30,040,20,1*66\r\n\r\n'
b'$GPGSV,3,3,12,23,15,224,18,25,42,230,20,29,56,334,31,26,02,320,,1*64\r\n\r\n'
b'$GLGSV,2,1,07,75,10,310,16,69,64,112,28,68,33,037,30,74,19,257,,1*7D\r\n\r\n'
b'$GLGSV,2,2,07,70,20,187,,84,41,355,,83,28,073,,1*4B\r\n\r\n'
b'$GBGSV,3,1,12,16,14,133,26,14,17,039,27,13,55,009,21,10,37,167,21,1*72\r\n\r\n'
b'$GBGSV,3,2,12,09,09,150,21,08,47,021,15,07,26,158,23,06,13,142,22,1*72\r\n\r\n'
b'$GBGSV,3,3,12,03,41,122,27,02,56,164,27,01,11,099,27,05,52,215,,1*70\r\n\r\n'
b'$GNGSA,A,3,02,05,11,12,13,15,18,20,25,29,,,0.9,0.6,0.7,1*3C\r\n\r\n'
b'$GNGSA,A,3,69,75,,,,,,,,,,,0.9,0.6,0.7,2*37\r\n\r\n'
b'$GNGSA,A,3,01,02,03,07,08,10,13,14,,,,,0.9,0.6,0.7,4*35\r\n\r\n'
b'$GNVTG,,T,,M,0.0,N,0.0,K,A*3D\r\n\r\n'
b'$GNDTM,P90,,0000.000021,S,00000.000001,W,0.991,W84*4F\r\n\r\n'
b'$GNRMC,084953.00,A,2818.647580,N,07700.768729,E,0.0,,160622,0.8,E,A,V*7B\r\n\r\n'
b'$GNGNS,084953.00,2818.647580,N,07700.768729,E,AANANN,20,0.6,314.1,-40.2,,,V*08\r\n\r\n'
b'$GNGGA,084953.00,2818.647580,N,07700.768729,E,1,12,0.6,314.1,M,-40.2,M,,*56\r\n\r\n'
b'$GPGSV,3,1,12,02,26,064,30,05,63,032,29,11,18,064,24,12,24,184,28,1*67\r\n\r\n'
b'$GPGSV,3,2,12,13,28,115,28,15,30,160,32,18,27,289,26,20,30,040,23,1*6F\r\n\r\n'
b'$GPGSV,3,3,12,23,15,224,18,25,42,230,20,29,56,334,30,26,02,320,,1*65\r\n\r\n'
b'$GLGSV,2,1,07,75,10,310,16,69,64,112,29,68,33,037,28,74,19,257,,1*75\r\n\r\n'
b'$GLGSV,2,2,07,70,20,187,,84,41,355,,83,28,073,,1*4B\r\n\r\n'
b'$GBGSV,3,1,12,16,14,133,26,14,17,039,28,13,55,009,25,10,37,167,30,1*79\r\n\r\n'
b'$GBGSV,3,2,12,09,09,150,21,08,47,021,15,07,26,158,24,06,13,142,24,1*73\r\n\r\n'
b'$GBGSV,3,3,12,03,41,122,27,02,56,164,27,01,11,099,27,05,52,215,,1*70\r\n\r\n'
b'$GNGSA,A,3,02,05,11,12,13,15,18,20,25,29,,,1.0,0.6,0.7,1*34\r\n\r\n'
b'$GNGSA,A,3,69,75,,,,,,,,,,,1.0,0.6,0.7,2*3F\r\n\r\n'
b'$GNGSA,A,3,01,02,03,07,10,13,14,,,,,,1.0,0.6,0.7,4*35\r\n\r\n'
b'$GNVTG,,T,,M,0.0,N,0.0,K,A*3D\r\n\r\n'
b'$GNDTM,P90,,0000.000021,S,00000.000001,W,0.991,W84*4F\r\n\r\n'
b'$GNRMC,084954.00,A,2818.647578,N,07700.768726,E,0.0,,160622,0.8,E,A,V*74\r\n\r\n'
b'$GNGNS,084954.00,2818.647578,N,07700.768726,E,AANANN,19,0.6,314.2,-40.2,,,V*0E\r\n\r\n'
b'$GNGGA,084954.00,2818.647578,N,07700.768726,E,1,12,0.6,314.2,M,-40.2,M,,*5A\r\n\r\n'
b'$GPGSV,3,1,12,02,26,064,29,05,63,032,25,11,18,064,27,12,24,184,26,1*6E\r\n\r\n'
b'$GPGSV,3,2,12,13,28,115,31,15,30,160,29,18,27,289,24,20,30,040,25,1*69\r\n\r\n'
b'$GPGSV,3,3,12,23,15,224,18,25,42,230,19,29,56,334,28,26,02,320,,1*66\r\n\r\n'
b'$GLGSV,2,1,07,75,10,310,16,69,64,112,28,68,33,037,30,74,19,257,,1*7D\r\n\r\n'
b'$GLGSV,2,2,07,70,20,187,,84,41,355,,83,28,073,,1*4B\r\n\r\n'
b'$GBGSV,3,1,12,16,14,133,29,14,17,039,30,13,55,009,25,10,37,167,30,1*7F\r\n\r\n'
b'$GBGSV,3,2,12,09,09,150,21,08,47,021,15,07,26,158,24,06,13,142,26,1*71\r\n\r\n'
b'$GBGSV,3,3,12,03,41,122,30,02,56,164,27,01,11,099,27,05,52,215,,1*76\r\n\r\n'
b'$GNGSA,A,3,02,05,11,12,13,15,18,20,25,29,,,1.0,0.6,0.7,1*34\r\n\r\n'
b'$GNGSA,A,3,69,75,,,,,,,,,,,1.0,0.6,0.7,2*3F\r\n\r\n'
b'$GNGSA,A,3,01,02,03,07,10,13,14,,,,,,1.0,0.6,0.7,4*35\r\n\r\n'
b'$GNVTG,,T,,M,0.0,N,0.0,K,A*3D\r\n\r\n'
b'$GNDTM,P90,,0000.000021,S,00000.000001,W,0.991,W84*4F\r\n\r\n'
b'$GNRMC,084955.00,A,2818.647578,N,07700.768725,E,0.0,,160622,0.8,E,A,V*76\r\n\r\n'
b'$GNGNS,084955.00,2818.647578,N,07700.768725,E,AANANN,19,0.6,314.2,-40.2,,,V*0C\r\n\r\n'
b'$GNGGA,084955.00,2818.647578,N,07700.768725,E,1,12,0.6,314.2,M,-40.2,M,,*58\r\n\r\n'
b'$GPGSV,3,1,12,02,26,064,29,05,63,032,29,11,18,064,25,12,24,184,23,1*65\r\n\r\n'
b'$GPGSV,3,2,12,13,28,115,28,15,30,160,28,18,27,289,28,20,30,040,22,1*6B\r\n\r\n'
b'$GPGSV,3,3,12,25,42,230,22,29,56,334,28,23,15,224,,26,02,320,,1*67\r\n\r\n'
b'$GLGSV,2,1,07,75,10,310,16,69,64,112,27,68,33,037,25,74,19,257,,1*76\r\n\r\n'
b'$GLGSV,2,2,07,70,20,187,,84,41,355,,83,28,073,,1*4B\r\n\r\n'
b'$GBGSV,3,1,12,16,14,133,29,14,17,039,24,13,55,009,25,10,37,167,21,1*7A\r\n\r\n'
b'$GBGSV,3,2,12,09,09,150,18,08,47,021,17,07,26,158,21,06,13,142,25,1*7F\r\n\r\n'
b'$GBGSV,3,3,12,03,41,122,30,02,56,164,27,01,11,099,27,05,52,215,,1*76\r\n\r\n'
b'$GNGSA,A,3,02,05,11,12,13,15,18,20,25,29,,,0.9,0.6,0.7,1*3C\r\n\r\n'
b'$GNGSA,A,3,69,75,,,,,,,,,,,0.9,0.6,0.7,2*37\r\n\r\n'
b'$GNGSA,A,3,01,02,03,07,08,10,13,14,,,,,0.9,0.6,0.7,4*35\r\n\r\n'
b'$GNVTG,,T,,M,0.0,N,0.0,K,A*3D\r\n\r\n'
b'$GNDTM,P90,,0000.000021,S,00000.000001,W,0.991,W84*4F\r\n\r\n'
b'$GNRMC,084956.00,A,2818.647578,N,07700.768727,E,0.0,,160622,0.8,E,A,V*77\r\n\r\n'
b'$GNGNS,084956.00,2818.647578,N,07700.768727,E,AANANN,20,0.6,314.2,-40.2,,,V*07\r\n\r\n'
b'$GNGGA,084956.00,2818.647578,N,07700.768727,E,1,12,0.6,314.2,M,-40.2,M,,*59\r\n\r\n'
b'$GPGSV,3,1,12,02,26,064,31,05,63,032,33,11,18,064,23,12,24,184,24,1*66\r\n\r\n'
b'$GPGSV,3,2,12,13,28,115,23,15,30,160,23,18,27,289,26,20,30,040,23,1*64\r\n\r\n'
b'$GPGSV,3,3,12,25,42,230,22,29,56,334,26,23,15,224,,26,02,320,,1*69\r\n\r\n'
b'$GLGSV,2,1,07,75,10,310,16,69,64,112,26,68,33,037,28,74,19,257,,1*7A\r\n\r\n'
b'$GLGSV,2,2,07,70,20,187,,84,41,355,,83,28,073,,1*4B\r\n\r\n'
b'$GBGSV,3,1,12,16,14,133,20,14,17,039,25,13,55,009,20,10,37,167,23,1*75\r\n\r\n'
b'$GBGSV,3,2,12,09,09,150,18,08,47,021,17,07,26,158,22,06,13,142,25,1*7C\r\n\r\n'
b'$GBGSV,3,3,12,03,41,122,30,02,56,164,23,01,11,099,27,05,52,215,,1*72\r\n\r\n'
b'$GNGSA,A,3,02,05,11,12,13,15,18,20,25,29,,,1.0,0.7,0.8,1*3A\r\n\r\n'
b'$GNGSA,A,3,69,,,,,,,,,,,,1.0,0.7,0.8,2*33\r\n\r\n'
b'$GNGSA,A,3,01,02,03,07,08,10,13,14,,,,,1.0,0.7,0.8,4*33\r\n\r\n'
b'$GNVTG,,T,,M,0.0,N,0.0,K,A*3D\r\n\r\n'
b'$GNDTM,P90,,0000.000021,S,00000.000001,W,0.991,W84*4F\r\n\r\n'
b'$GNRMC,084957.00,A,2818.647577,N,07700.768727,E,0.0,,160622,0.8,E,A,V*79\r\n\r\n'
b'$GNGNS,084957.00,2818.647577,N,07700.768727,E,AANANN,19,0.7,314.2,-40.2,,,V*02\r\n\r\n'
b'$GNGGA,084957.00,2818.647577,N,07700.768727,E,1,12,0.7,314.2,M,-40.2,M,,*56\r\n\r\n'
b'$GPGSV,3,1,12,02,26,064,25,05,63,032,30,11,18,064,23,12,24,184,22,1*66\r\n\r\n'
b'$GPGSV,3,2,12,13,28,115,23,15,30,160,26,18,27,289,27,20,30,040,23,1*60\r\n\r\n'
b'$GPGSV,3,3,12,25,42,230,23,29,56,334,27,23,15,224,,26,02,320,,1*69\r\n\r\n'
b'$GLGSV,2,1,07,75,10,310,16,69,64,112,29,68,33,037,28,74,19,257,,1*75\r\n\r\n'
b'$GLGSV,2,2,07,70,20,187,,84,41,355,,83,28,073,,1*4B\r\n\r\n'
b'$GBGSV,3,1,12,16,14,133,20,14,17,039,27,13,55,009,24,10,37,167,24,1*74\r\n\r\n'
b'$GBGSV,3,2,12,09,09,150,18,08,47,021,17,07,26,158,23,06,13,142,21,1*79\r\n\r\n'
b'$GBGSV,3,3,12,03,41,122,30,02,56,164,23,01,11,099,27,05,52,215,,1*72\r\n\r\n'
b'$GNGSA,A,3,02,05,11,12,13,15,18,20,25,29,,,1.0,0.7,0.8,1*3A\r\n\r\n'
b'$GNGSA,A,3,69,,,,,,,,,,,,1.0,0.7,0.8,2*33\r\n\r\n'
b'$GNGSA,A,3,01,02,03,07,08,10,13,14,,,,,1.0,0.7,0.8,4*33\r\n\r\n'
b'$GNVTG,,T,,M,0.0,N,0.0,K,A*3D\r\n\r\n'
b'$GNDTM,P90,,0000.000021,S,00000.000001,W,0.991,W84*4F\r\n\r\n'
b'$GNRMC,084958.00,A,2818.647577,N,07700.768727,E,0.0,,160622,0.8,E,A,V*76\r\n\r\n'
b'$GNGNS,084958.00,2818.647577,N,07700.768727,E,AANANN,19,0.7,314.2,-40.2,,,V*0D\r\n\r\n'
b'$GNGGA,084958.00,2818.647577,N,07700.768727,E,1,12,0.7,314.2,M,-40.2,M,,*59\r\n\r\n'
b'$GPGSV,3,1,12,02,26,064,24,05,63,032,27,11,18,064,23,12,24,184,28,1*6B\r\n\r\n'
b'$GPGSV,3,2,12,13,28,115,30,15,30,160,23,18,27,289,24,20,30,040,24,1*63\r\n\r\n'
b'$GPGSV,3,3,12,25,42,230,22,29,56,334,29,23,15,224,,26,02,320,,1*66\r\n\r\n'
b'$GLGSV,2,1,07,75,10,310,16,69,64,112,29,68,33,037,29,74,19,257,,1*74\r\n\r\n'
b'$GLGSV,2,2,07,70,20,187,,84,41,355,,83,28,073,,1*4B\r\n\r\n'
b'$GBGSV,3,1,12,16,14,133,24,14,17,039,29,13,55,009,24,10,37,167,24,1*7E\r\n\r\n'
b'$GBGSV,3,2,12,09,09,150,18,08,47,021,21,07,26,158,23,06,13,142,27,1*7A\r\n\r\n'
b'$GBGSV,3,3,12,03,41,122,30,02,56,164,23,01,11,099,27,05,52,215,,1*72\r\n\r\n'
b'$GNGSA,A,3,02,05,11,12,13,15,18,20,25,29,,,1.0,0.7,0.8,1*3A\r\n\r\n'
b'$GNGSA,A,3,69,,,,,,,,,,,,1.0,0.7,0.8,2*33\r\n\r\n'
b'$GNGSA,A,3,01,02,03,07,08,10,13,14,,,,,1.0,0.7,0.8,4*33\r\n\r\n'
b'$GNVTG,,T,,M,0.0,N,0.0,K,A*3D\r\n\r\n'
b'$GNDTM,P90,,0000.000021,S,00000.000001,W,0.991,W84*4F\r\n\r\n'
b'$GNRMC,084959.00,A,2818.647577,N,07700.768728,E,0.0,,160622,0.8,E,A,V*78\r\n\r\n'
b'$GNGNS,084959.00,2818.647577,N,07700.768728,E,AANANN,19,0.7,314.2,-40.2,,,V*03\r\n\r\n'
b'$GNGGA,084959.00,2818.647577,N,07700.768728,E,1,12,0.7,314.2,M,-40.2,M,,*57\r\n\r\n'
b'$GPGSV,3,1,12,02,26,064,22,05,63,032,27,11,18,064,20,12,24,184,27,1*61\r\n\r\n'
b'$GPGSV,3,2,12,13,28,115,29,15,30,160,27,18,27,289,26,20,30,040,21,1*68\r\n\r\n'
b'$GPGSV,3,3,12,25,42,230,22,29,56,334,29,23,15,224,,26,02,320,,1*66\r\n\r\n'
b'$GLGSV,2,1,07,75,10,310,16,69,64,112,28,68,33,037,29,74,19,257,,1*75\r\n\r\n'
b'$GLGSV,2,2,07,70,20,187,,84,41,355,,83,28,073,,1*4B\r\n\r\n'
b'$GBGSV,3,1,12,16,14,133,26,14,17,039,30,13,55,009,24,10,37,167,21,1*71\r\n\r\n'
b'$GBGSV,3,2,12,09,09,150,18,08,47,021,22,07,26,158,23,06,13,142,30,1*7F\r\n\r\n'
b'$GBGSV,3,3,12,05,52,215,21,03,41,122,23,02,56,164,23,01,11,099,27,1*73\r\n\r\n'
b'$GNGSA,A,3,02,05,11,12,13,15,18,20,25,29,,,1.1,0.7,0.8,1*3B\r\n\r\n'
b'$GNGSA,A,3,69,,,,,,,,,,,,1.1,0.7,0.8,2*32\r\n\r\n'
b'$GNGSA,A,3,02,03,05,07,08,10,13,14,,,,,1.1,0.7,0.8,4*36\r\n\r\n'
b'$GNVTG,,T,,M,0.0,N,0.0,K,A*3D\r\n\r\n'
b'$GNDTM,P90,,0000.000021,S,00000.000001,W,0.991,W84*4F\r\n\r\n'
b'$GNRMC,085000.00,A,2818.647593,N,07700.768748,E,0.0,,160622,0.8,E,A,V*70\r\n\r\n'
b'$GNGNS,085000.00,2818.647593,N,07700.768748,E,AANANN,19,0.7,314.1,-40.2,,,V*08\r\n\r\n'
b'$GNGGA,085000.00,2818.647593,N,07700.768748,E,1,12,0.7,314.1,M,-40.2,M,,*5C\r\n\r\n'
b'$GPGSV,3,1,12,02,26,064,23,05,63,032,26,11,18,064,20,12,24,184,25,1*63\r\n\r\n'
b'$GPGSV,3,2,12,13,28,115,24,15,30,160,25,18,27,289,27,20,30,040,21,1*66\r\n\r\n'
b'$GPGSV,3,3,12,25,42,230,22,29,56,334,24,23,15,224,,26,02,320,,1*6B\r\n\r\n'
b'$GLGSV,2,1,07,75,10,310,16,69,64,112,30,68,33,037,30,74,19,257,,1*74\r\n\r\n'
b'$GLGSV,2,2,07,70,20,187,,84,41,355,,83,28,073,,1*4B\r\n\r\n'
b'$GBGSV,3,1,12,16,14,133,26,14,17,039,29,13,55,009,24,10,37,167,25,1*7D\r\n\r\n'
b'$GBGSV,3,2,12,09,09,150,18,08,47,021,22,07,26,158,23,06,13,142,30,1*7F\r\n\r\n'
b'$GBGSV,3,3,12,05,52,215,21,03,41,122,23,02,56,164,23,01,11,099,27,1*73\r\n\r\n'
b'$GNGSA,A,3,02,05,11,12,13,15,18,20,25,29,,,1.1,0.7,0.8,1*3B\r\n\r\n'
b'$GNGSA,A,3,69,,,,,,,,,,,,1.1,0.7,0.8,2*32\r\n\r\n'
b'$GNGSA,A,3,02,03,05,07,08,10,13,14,,,,,1.1,0.7,0.8,4*36\r\n\r\n'
b'$GNVTG,,T,,M,0.0,N,0.0,K,A*3D\r\n\r\n'
b'$GNDTM,P90,,0000.000021,S,00000.000001,W,0.991,W84*4F\r\n\r\n'
b'$GNRMC,085001.00,A,2818.647593,N,07700.768749,E,0.0,,160622,0.8,E,A,V*70\r\n\r\n'
b'$GNGNS,085001.00,2818.647593,N,07700.768749,E,AANANN,19,0.7,314.1,-40.2,,,V*08\r\n\r\n'
b'$GNGGA,085001.00,2818.647593,N,07700.768749,E,1,12,0.7,314.1,M,-40.2,M,,*5C\r\n\r\n'
b'$GPGSV,3,1,12,02,26,064,28,05,63,032,26,11,18,064,20,12,24,184,22,1*6F\r\n\r\n'
b'$GPGSV,3,2,12,13,28,115,24,15,30,160,28,18,27,289,27,20,30,040,22,1*68\r\n\r\n'
b'$GPGSV,3,3,12,25,42,230,18,29,56,334,24,23,15,224,,26,02,320,,1*62\r\n\r\n'
b'$GLGSV,2,1,07,75,10,310,16,69,64,112,28,68,33,037,26,74,19,257,,1*7A\r\n\r\n'
b'$GLGSV,2,2,07,70,20,187,,84,41,355,,83,28,073,,1*4B\r\n\r\n'
b'$GBGSV,3,1,12,16,14,133,26,14,17,039,29,13,55,009,24,10,37,167,25,1*7D\r\n\r\n'
b'$GBGSV,3,2,12,09,09,150,18,08,47,021,21,07,26,158,23,06,13,142,30,1*7C\r\n\r\n'
b'$GBGSV,3,3,12,05,52,215,21,03,41,122,23,02,56,164,23,01,11,099,27,1*73\r\n\r\n'
b'$GNGSA,A,3,02,05,11,12,13,15,18,20,25,29,,,1.1,0.7,0.8,1*3B\r\n\r\n'
b'$GNGSA,A,3,69,,,,,,,,,,,,1.1,0.7,0.8,2*32\r\n\r\n'
b'$GNGSA,A,3,02,03,05,07,08,10,13,14,,,,,1.1,0.7,0.8,4*36\r\n\r\n'
b'$GNVTG,,T,,M,0.0,N,0.0,K,A*3D\r\n\r\n'
b'$GNDTM,P90,,0000.000021,S,00000.000001,W,0.991,W84*4F\r\n\r\n'
b'$GNRMC,085002.00,A,2818.647592,N,07700.768749,E,0.0,,160622,0.8,E,A,V*72\r\n\r\n'
b'$GNGNS,085002.00,2818.647592,N,07700.768749,E,AANANN,19,0.7,314.1,-40.2,,,V*0A\r\n\r\n'
b'$GNGGA,085002.00,2818.647592,N,07700.768749,E,1,12,0.7,314.1,M,-40.2,M,,*5E\r\n\r\n'
b'$GPGSV,3,1,12,02,26,064,29,05,63,032,26,11,18,064,19,12,24,184,22,1*64\r\n\r\n'
b'$GPGSV,3,2,12,13,28,115,24,15,30,160,33,18,27,289,31,20,30,040,22,1*65\r\n\r\n'
b'$GPGSV,3,3,12,25,42,230,23,29,56,334,30,23,15,224,,26,02,320,,1*6F\r\n\r\n'
b'$GLGSV,2,1,07,75,10,310,16,69,64,112,23,68,33,037,25,74,19,257,,1*72\r\n\r\n'
b'$GLGSV,2,2,07,70,20,187,,84,41,355,,83,28,073,,1*4B\r\n\r\n'
b'$GBGSV,3,1,12,16,14,133,26,14,17,039,22,13,55,009,18,10,37,167,25,1*79\r\n\r\n'
b'$GBGSV,3,2,12,09,09,150,21,08,47,021,21,07,26,158,19,06,13,142,21,1*7F\r\n\r\n'
b'$GBGSV,3,3,12,05,52,215,21,03,41,122,23,02,56,164,23,01,11,099,27,1*73\r\n\r\n'
b'$GNGSA,A,3,02,05,11,12,13,15,18,20,25,29,,,1.1,0.7,0.8,1*3B\r\n\r\n'
b'$GNGSA,A,3,69,,,,,,,,,,,,1.1,0.7,0.8,2*32\r\n\r\n'
b'$GNGSA,A,3,03,05,07,08,10,13,14,,,,,,1.1,0.7,0.8,4*34\r\n\r\n'
b'$GNVTG,,T,,M,0.0,N,0.0,K,A*3D\r\n\r\n'
b'$GNDTM,P90,,0000.000021,S,00000.000001,W,0.991,W84*4F\r\n\r\n'
b'$GNRMC,085003.00,A,2818.647593,N,07700.768748,E,0.0,,160622,0.8,E,A,V*73\r\n\r\n'
b'$GNGNS,085003.00,2818.647593,N,07700.768748,E,AANANN,18,0.7,314.1,-40.2,,,V*0A\r\n\r\n'
b'$GNGGA,085003.00,2818.647593,N,07700.768748,E,1,12,0.7,314.1,M,-40.2,M,,*5F\r\n\r\n'
b'$GPGSV,3,1,12,02,26,064,29,05,63,032,26,11,18,064,19,12,24,184,20,1*66\r\n\r\n'
b'$GPGSV,3,2,12,13,28,115,20,15,30,160,31,18,27,289,25,20,30,040,21,1*65\r\n\r\n'
b'$GPGSV,3,3,12,25,42,230,22,29,56,334,32,23,15,224,,26,02,320,,1*6C\r\n\r\n'
b'$GLGSV,2,1,07,75,10,310,16,69,64,112,28,68,33,037,26,74,19,257,,1*7A\r\n\r\n'
b'$GLGSV,2,2,07,70,20,187,,84,41,355,,83,28,073,,1*4B\r\n\r\n'
b'$GBGSV,3,1,12,16,14,133,22,14,17,039,26,13,55,009,18,10,37,167,21,1*7D\r\n\r\n'
b'$GBGSV,3,2,12,09,09,150,21,08,47,021,21,07,26,158,24,06,13,142,21,1*71\r\n\r\n'
b'$GBGSV,3,3,12,05,52,215,21,03,41,122,23,02,56,164,23,01,11,099,27,1*73\r\n\r\n'
b'$GNGSA,A,3,02,05,11,12,13,15,18,20,25,29,,,1.1,0.7,0.8,1*3B\r\n\r\n'
b'$GNGSA,A,3,69,,,,,,,,,,,,1.1,0.7,0.8,2*32\r\n\r\n'
b'$GNGSA,A,3,03,05,07,08,10,13,14,,,,,,1.1,0.7,0.8,4*34\r\n\r\n'
b'$GNVTG,,T,,M,0.0,N,0.0,K,A*3D\r\n\r\n'
b'$GNDTM,P90,,0000.000021,S,00000.000001,W,0.991,W84*4F\r\n\r\n'
b'$GNRMC,085004.00,A,2818.647593,N,07700.768749,E,0.0,,160622,0.8,E,A,V*75\r\n\r\n'
b'$GNGNS,085004.00,2818.647593,N,07700.768749,E,AANANN,18,0.7,314.1,-40.2,,,V*0C\r\n\r\n'
b'$GNGGA,085004.00,2818.647593,N,07700.768749,E,1,12,0.7,314.1,M,-40.2,M,,*59\r\n\r\n'
b'$GPGSV,3,1,12,02,26,064,28,05,63,032,25,11,18,064,20,12,24,184,29,1*67\r\n\r\n'
b'$GPGSV,3,2,12,13,28,115,20,15,30,160,27,18,27,289,22,20,30,040,31,1*64\r\n\r\n'
b'$GPGSV,3,3,12,25,42,230,27,29,56,334,26,23,15,224,,26,02,320,,1*6C\r\n\r\n'
b'$GLGSV,2,1,07,75,10,310,16,69,64,112,28,68,33,037,22,74,19,257,,1*7E\r\n\r\n'
b'$GLGSV,2,2,07,70,20,187,,84,41,355,,83,28,073,,1*4B\r\n\r\n'
b'$GBGSV,3,1,12,16,14,133,25,14,17,039,24,13,55,009,20,10,37,167,21,1*73\r\n\r\n'
b'$GBGSV,3,2,12,09,09,150,21,08,47,021,21,07,26,158,22,06,13,142,21,1*77\r\n\r\n'
b'$GBGSV,3,3,12,05,52,215,21,03,41,122,23,02,56,164,23,01,11,099,21,1*75\r\n\r\n'
b'$GNGSA,A,3,02,05,11,12,13,15,18,20,25,29,,,1.0,0.7,0.8,1*3A\r\n\r\n'
b'$GNGSA,A,3,69,,,,,,,,,,,,1.0,0.7,0.8,2*33\r\n\r\n'
b'$GNGSA,A,3,01,03,05,07,08,10,13,14,,,,,1.0,0.7,0.8,4*34\r\n\r\n'
b'$GNVTG,,T,,M,0.0,N,0.0,K,A*3D\r\n\r\n'
b'$GNDTM,P90,,0000.000021,S,00000.000001,W,0.991,W84*4F\r\n\r\n'
b'$GNRMC,085005.00,A,2818.647592,N,07700.768748,E,0.0,,160622,0.8,E,A,V*74\r\n\r\n'
b'$GNGNS,085005.00,2818.647592,N,07700.768748,E,AANANN,19,0.7,314.1,-40.2,,,V*0C\r\n\r\n'
b'$GNGGA,085005.00,2818.647592,N,07700.768748,E,1,12,0.7,314.1,M,-40.2,M,,*58\r\n\r\n'
b'$GPGSV,3,1,12,02,26,064,33,05,63,032,31,11,18,064,26,12,24,184,32,1*64\r\n\r\n'
b'$GPGSV,3,2,12,13,28,115,23,15,30,160,26,18,27,289,29,20,30,040,28,1*65\r\n\r\n'
b'$GPGSV,3,3,12,25,42,230,26,29,56,334,24,23,15,224,,26,02,320,,1*6F\r\n\r\n'
b'$GLGSV,2,1,07,75,10,310,16,69,64,112,29,68,33,037,26,74,19,257,,1*7B\r\n\r\n'
b'$GLGSV,2,2,07,70,20,187,,84,41,355,,83,28,073,,1*4B\r\n\r\n'
b'$GBGSV,3,1,12,16,14,133,23,14,17,039,24,13,55,009,20,10,37,167,21,1*75\r\n\r\n'
b'$GBGSV,3,2,12,09,09,150,28,08,47,021,19,07,26,158,22,06,13,142,20,1*74\r\n\r\n'
b'$GBGSV,3,3,12,05,52,215,21,03,41,122,23,02,56,164,23,01,11,099,21,1*75\r\n\r\n'
b'$GNGSA,A,3,02,05,11,12,13,15,18,20,25,29,,,1.1,0.7,0.8,1*3B\r\n\r\n'
b'$GNGSA,A,3,69,,,,,,,,,,,,1.1,0.7,0.8,2*32\r\n\r\n'
b'$GNGSA,A,3,01,07,08,10,13,14,,,,,,,1.1,0.7,0.8,4*33\r\n\r\n'
b'$GNVTG,,T,,M,0.0,N,0.0,K,A*3D\r\n\r\n'
b'$GNDTM,P90,,0000.000021,S,00000.000001,W,0.991,W84*4F\r\n\r\n'
b'$GNRMC,085006.00,A,2818.647594,N,07700.768749,E,0.0,,160622,0.8,E,A,V*70\r\n\r\n'
b'$GNGNS,085006.00,2818.647594,N,07700.768749,E,AANANN,17,0.7,314.1,-40.2,,,V*06\r\n\r\n'
b'$GNGGA,085006.00,2818.647594,N,07700.768749,E,1,12,0.7,314.1,M,-40.2,M,,*5C\r\n\r\n'
b'$GPGSV,3,1,12,02,26,064,26,05,63,032,24,11,18,064,26,12,24,184,29,1*6E\r\n\r\n'
b'$GPGSV,3,2,12,13,28,115,22,15,30,160,30,18,27,289,28,20,30,040,26,1*6C\r\n\r\n'
b'$GPGSV,3,3,12,25,42,230,24,29,56,334,22,23,15,224,,26,02,320,,1*6B\r\n\r\n'
b'$GLGSV,2,1,07,70,20,187,20,75,10,310,16,69,64,112,28,68,33,037,26,1*78\r\n\r\n'
b'$GLGSV,2,2,07,74,19,257,,84,41,355,,83,28,073,,1*4B\r\n\r\n'
b'$GBGSV,3,1,12,16,14,133,23,14,17,039,24,13,55,009,20,10,37,167,20,1*74\r\n\r\n'
b'$GBGSV,3,2,12,09,09,150,26,08,47,021,19,07,26,158,21,06,13,142,20,1*79\r\n\r\n'
b'$GBGSV,3,3,12,05,52,215,21,03,41,122,23,02,56,164,23,01,11,099,21,1*75\r\n\r\n'
b'$GNGSA,A,3,02,05,11,12,13,15,18,20,25,29,,,1.0,0.7,0.8,1*3A\r\n\r\n'
b'$GNGSA,A,3,69,70,,,,,,,,,,,1.0,0.7,0.8,2*34\r\n\r\n'
b'$GNGSA,A,3,01,07,08,10,13,14,,,,,,,1.0,0.7,0.8,4*32\r\n\r\n'
b'$GNVTG,,T,,M,0.0,N,0.0,K,A*3D\r\n\r\n'
b'$GNDTM,P90,,0000.000021,S,00000.000001,W,0.991,W84*4F\r\n\r\n'
b'$GNRMC,085007.00,A,2818.647607,N,07700.768767,E,0.0,,160622,0.8,E,A,V*74\r\n\r\n'
b'$GNGNS,085007.00,2818.647607,N,07700.768767,E,AANANN,18,0.7,314.1,-40.2,,,V*0D\r\n\r\n'
b'$GNGGA,085007.00,2818.647607,N,07700.768767,E,1,12,0.7,314.1,M,-40.2,M,,*58\r\n\r\n'
b'$GPGSV,3,1,12,02,26,064,23,05,63,032,29,11,18,064,26,12,24,184,30,1*6E\r\n\r\n'
b'$GPGSV,3,2,12,13,28,115,22,15,30,160,30,18,27,289,23,20,30,040,25,1*64\r\n\r\n'
b'$GPGSV,3,3,12,25,42,230,24,29,56,334,25,23,15,224,,26,02,320,,1*6C\r\n\r\n'
b'$GLGSV,2,1,07,70,20,187,20,75,10,310,16,69,64,112,23,68,33,037,22,1*77\r\n\r\n'
b'$GLGSV,2,2,07,74,19,257,,84,41,355,,83,28,073,,1*4B\r\n\r\n'
